data	=	[																															
-0.04714348677837	2.95588022415444	2.49856902623034	0.96563553706304	0.83025351457732	0.50240000000000	1.35117667186666	0.45192930178359	2.81862817085123	-4.20244678114088	0.21281107032843	-0.77935436726865	-0.35837097901384	0.55834874257004	-3.32859776334669	4.74915919439010	4.89641304128838	1.80480698717029	-2.54086500318813	3.45980347888979	3.58876874570218	1.70503056123605	2.38787944503573	4.07046092199970	0.37921985039295	-2.52681728039206	-0.26015733274223	-1.02857273600000	NaN	36.06482061562880	0.00000000000000	0.00000000000000	0.00000000000000	5.36645688213108
0.97094952631487	2.95588022415444	2.10848745971282	1.34600038724688	1.02269613833263	0.56805000000000	0.97132545902579	0.00098970019007	3.39945182048602	-1.12671313285659	-0.06813485994125	1.81898775916947	0.71815964192543	0.55524851147855	4.36487646690136	12.35171732989500	5.78345860802170	1.61293819298836	-14.48777195277100	-1.30042928906366	1.72209078011076	4.35300396919933	2.32030125865528	0.69391217079566	4.12677881773029	12.81379140704160	2.09376056216808	-1.18243296400000	NaN	41.08728894730850	0.00000000000000	0.00000000000000	0.00000000000000	5.42978014371745
1.11825391049223	3.03675285323217	3.25168888119483	0.58283423282983	1.14567760401652	0.92634000000000	1.01790310356851	-0.44914115902213	5.96827047599398	-7.90720357537378	-0.25389638073924	4.28988145937291	0.68049001572188	0.66225407604934	2.32907180060957	0.29782791421908	2.09625694733617	3.61390466158733	6.44616741976769	9.61856853558185	1.54094357608452	3.13267730769384	2.25751027907033	0.64324906718820	4.25461225603381	1.05880132398797	0.50890406243438	-1.03230312400000	NaN	41.26474251844130	0.00000000000000	0.00000000000000	0.00000000000000	3.44624471539251
1.84122796020247	3.19830458530507	1.46929261361639	1.13900688304849	1.35180540676584	0.58205000000000	1.24913840702945	-1.12974765779459	4.16896520796755	3.09122852826409	0.52410028911014	-4.06677022588106	-0.28865727020249	0.32948958968531	1.28665105932511	2.96791169129058	2.05941171153530	2.13748595847334	10.64433784016660	3.79634281793191	0.31681084987594	0.00387010003671	2.19967547368660	3.13656690990651	-0.30363093734236	-4.58860701132138	-0.34053358503261	-1.00564008100000	NaN	41.42300603217160	0.00000000000000	0.00000000000000	0.00000000000000	4.44298098628999
0.24963644311438	3.35959574865333	3.24137889926082	0.35406790935308	1.46828071126040	0.73448000000000	2.11239704799322	-2.54388812629553	1.82607995800730	3.90781774427538	-0.36527459422715	2.12422217975182	-0.84950873484792	1.41537474380939	-3.46855579878902	-0.79525488718808	-3.38471363433595	1.94471349355214	5.30678460646445	6.55839124171411	4.65227503496073	4.74962022098220	2.14700191923081	3.40487358074317	2.66182617773163	-1.07463986730028	2.73709627052945	-0.93416346700000	NaN	40.41174381955160	0.00000000000000	0.00000000000000	0.00000000000000	3.43525835932282
0.28706925954509	3.52062476895671	2.52246316703570	0.29786165048957	1.43266436875871	0.81750000000000	1.28053672682533	-2.21662634498170	1.64649427009138	10.19580694703720	0.00892318773003	-2.29156815986080	1.35635825437678	-0.86862652559603	0.58651194523982	4.58659873011928	-2.28384179088206	2.48732647451400	-14.11891468450150	-0.39037552459025	2.24718854262034	2.57809184809137	2.09994383705081	2.30962072529075	3.57532836292820	9.85984000211846	0.43093549955682	-1.19694849500000	NaN	42.25904513302490	0.00000000000000	0.00000000000000	0.00000000000000	NaN
0.66127224507628	3.68139731227164	1.40037223196181	0.84706710338658	1.37365690541999	0.50405000000000	1.39294691537835	-1.75754589182482	0.89081048846040	-2.76981084253656	-0.33696186227312	0.47848917667550	-2.43532855691430	0.00000000000000	0.87336799687545	3.53942482178322	-3.54047332361827	0.71994551428545	16.90465650974940	3.65541942549275	0.74050037103750	-3.20588200168670	2.05858827818637	3.04845342804607	-0.27749430370783	-3.73076431649020	-3.46030339513872	-1.13197998600000	NaN	42.52815450535280	0.00000000000000	0.00000000000000	0.00000000000000	NaN
0.33579962455281	3.68139731227164	1.76652656861247	0.67674146619901	1.34610088578794	0.54514000000000	1.18579383641695	-0.20927117268403	0.09531526242270	-0.83344890401342	0.33802509755555	2.88205980204146	0.79549005616375	1.08460933093895	-0.58139698654198	-0.55516116054708	4.97014976192371	1.14123920517448	-1.48994155944866	0.93871505556766	0.66962848125698	-0.31656221401626	2.02327207747621	3.01885855679167	0.08136155309990	2.58818784758135	-1.41663187800773	-1.01900974200000	NaN	41.55308626508530	0.00000000000000	0.00000000000000	0.00000000000000	NaN
1.83556210389142	3.68139731227164	1.70353485084238	0.74618046526247	1.26017154116341	0.88918000000000	1.01197568778009	2.47189467278783	3.35336846534400	3.34639255472808	-0.06783200460038	-2.51872242100185	1.58420787562731	0.53792491197369	1.01523714640175	1.76587374341075	14.36561017598040	2.10534091978323	-1.95228383254946	1.81728588456878	2.95644376807780	4.04204693288079	1.99334907157986	0.30819601260412	1.03593984913251	4.07047654970722	2.62273019622397	-1.19737095500000	NaN	41.79482348155860	0.00000000000000	0.00000000000000	0.00000000000000	4.50768610837579
1.18430666948761	3.92207131532813	1.89840219625941	1.65412751322478	1.28059341402811	0.85985000000000	1.05925874936474	2.01410150999717	2.68109472550702	2.57719486035661	-0.10543593973878	0.72906751235310	-1.49794184973522	0.42826617920007	-0.72411612565597	0.48554777178378	1.99663901111133	2.06192872027358	-0.12232840430198	3.32144969102561	1.65368487771080	8.85441967842455	1.96790434077876	2.71080333314724	4.67104189706018	6.56871325990847	7.06329488060602	-0.95370968600000	NaN	41.48715684342700	0.00000000000000	0.00000000000000	0.00000000000000	NaN
1.18444477326491	3.92207131532813	2.63172421509492	0.89301169070364	1.30191783822896	0.57545000000000	0.95901840892232	1.70560916453937	1.37460183039426	3.72547413912052	-0.05077321593268	1.14956617653215	3.73066158142594	0.10678057608295	2.15680538773215	1.09865016989232	5.34436340071913	2.02027073175191	13.01270759427360	5.29392456784326	1.25609291622526	4.39076813604782	1.94558801413129	1.24259569398615	3.89586863331459	1.86197593229593	2.30354235529795	-1.06464805400000	NaN	41.88746044803570	0.00000000000000	0.00000000000000	0.00000000000000	4.60854766474178
0.93378763532730	4.08220025202552	2.21045718807731	1.03304333488392	1.26924954993230	0.86883000000000	0.75167893955861	1.92639587856362	1.66056359119295	-0.37809195549414	-0.75715062526970	4.19887079039030	-2.16419337074557	-0.10678057608295	2.52822454742843	-2.16691100820388	-2.07233004751988	2.63173083173736	-4.96263343310908	-4.26004471124806	0.93635251325877	2.80997157248075	1.92560646070894	1.63309594999315	4.12183855250352	2.18273831826745	0.60991532696431	-1.16482248700000	NaN	41.48022373152220	0.00000000000000	0.00000000000000	0.00000000000000	3.88329988537457
0.46314844669677	4.16216746908195	1.93923967083456	0.64348595805122	1.29108780985813	0.60924000000000	1.02068452874651	-0.53149784258935	1.57427952669043	4.23326081686319	0.76738873646807	-2.16040628212985	-0.67989818502138	-0.10689471889052	-0.41695682367253	0.45583979054555	3.90351054272635	2.43758059981447	-4.45116243699122	0.40651524126822	3.63457889327594	-4.65202233815480	1.90730693918439	2.16418088066375	-1.09316579535537	0.28264137800775	-6.82504771204373	-1.30344069500000	NaN	41.08016040877850	0.00000000000000	0.00000000000000	0.00000000000000	3.77589083110357
