data	=	[																														
-0.047143486778367	2.95588022415444	2.498569026230340	0.965635537063037	0.830253514577316	0.502400000000000	1.351176671866660	0.451929301783593	2.818628170851230	-4.202446781140880	0.212811070328432	-0.779354367268648	-0.358370979013839	0.558348742570036	-3.328597763346690	4.749159194390100	4.896413041288380	1.804806987170290	-2.540865003188130	3.459803478889790	3.588768745702180	1.705030561236050	2.387879445035730	4.070460921999700	0.379219850392953	-2.526817280392060	-0.260157332742228	-1.028572736000000	NaN	36.064820615628800	0	0	0
0.970949526314868	2.95588022415444	2.108487459712820	1.346000387246880	1.022696138332630	0.568050000000000	0.971325459025785	0.000989700190068	3.399451820486020	-1.126713132856590	-0.068134859941249	1.818987759169470	0.718159641925427	0.555248511478545	4.364876466901360	12.351717329895000	5.783458608021700	1.612938192988360	-14.487771952771000	-1.300429289063660	1.722090780110760	4.353003969199330	2.320301258655280	0.693912170795663	4.126778817730290	12.813791407041600	2.093760562168080	-1.182432964000000	NaN	41.087288947308500	0	0	0
1.118253910492230	3.03675285323217	3.251688881194830	0.582834232829832	1.145677604016520	0.926340000000000	1.017903103568510	-0.449141159022126	5.968270475993980	-7.907203575373780	-0.253896380739237	4.289881459372910	0.680490015721880	0.662254076049340	2.329071800609570	0.297827914219084	2.096256947336170	3.613904661587330	6.446167419767690	9.618568535581850	1.540943576084520	3.132677307693840	2.257510279070330	0.643249067188201	4.254612256033810	1.058801323987970	0.508904062434379	-1.032303124000000	NaN	41.264742518441300	0	0	0
1.841227960202470	3.19830458530507	1.469292613616390	1.139006883048490	1.351805406765840	0.582050000000000	1.249138407029450	-1.129747657794590	4.168965207967550	3.091228528264090	0.524100289110140	-4.066770225881060	-0.288657270202486	0.329489589685306	1.286651059325110	2.967911691290580	2.059411711535300	2.137485958473340	10.644337840166600	3.796342817931910	0.316810849875937	0.003870100036707	2.199675473686600	3.136566909906510	-0.303630937342358	-4.588607011321380	-0.340533585032610	-1.005640081000000	NaN	41.423006032171600	0	0	0
0.249636443114376	3.35959574865333	3.241378899260820	0.354067909353084	1.468280711260400	0.734480000000000	2.112397047993220	-2.543888126295530	1.826079958007300	3.907817744275380	-0.365274594227148	2.124222179751820	-0.849508734847917	1.415374743809390	-3.468555798789020	-0.795254887188079	-3.384713634335950	1.944713493552140	5.306784606464450	6.558391241714110	4.652275034960730	4.749620220982200	2.147001919230810	3.404873580743170	2.661826177731630	-1.074639867300280	2.737096270529450	-0.934163467000000	NaN	40.411743819551600	0	0	0
0.287069259545092	3.52062476895671	2.522463167035700	0.297861650489573	1.432664368758710	0.817500000000000	1.280536726825330	-2.216626344981700	1.646494270091380	10.195806947037200	0.008923187730030	-2.291568159860800	1.356358254376780	-0.868626525596028	0.586511945239820	4.586598730119280	-2.283841790882060	2.487326474514000	-14.118914684501500	-0.390375524590247	2.247188542620340	2.578091848091370	2.099943837050810	2.309620725290750	3.575328362928200	9.859840002118460	0.430935499556817	-1.196948495000000	NaN	42.259045133024900	0	0	0
0.661272245076283	3.68139731227164	1.400372231961810	0.847067103386578	1.373656905419990	0.504050000000000	1.392946915378350	-1.757545891824820	0.890810488460403	-2.769810842536560	-0.336961862273118	0.478489176675501	-2.435328556914300	0.000000000000000	0.873367996875452	3.539424821783220	-3.540473323618270	0.719945514285447	16.904656509749400	3.655419425492750	0.740500371037500	-3.205882001686700	2.058588278186370	3.048453428046070	-0.277494303707826	-3.730764316490200	-3.460303395138720	-1.131979986000000	NaN	42.528154505352800	0	0	0
0.335799624552813	3.68139731227164	1.766526568612470	0.676741466199005	1.346100885787940	0.545140000000000	1.185793836416950	-0.209271172684034	0.095315262422702	-0.833448904013423	0.338025097555551	2.882059802041460	0.795490056163749	1.084609330938950	-0.581396986541982	-0.555161160547080	4.970149761923710	1.141239205174480	-1.489941559448660	0.938715055567663	0.669628481256979	-0.316562214016258	2.023272077476210	3.018858556791670	0.081361553099901	2.588187847581350	-1.416631878007730	-1.019009742000000	NaN	41.553086265085300	0	0	0
1.835562103891420	3.68139731227164	1.703534850842380	0.746180465262469	1.260171541163410	0.889180000000000	1.011975687780090	2.471894672787830	3.353368465344000	3.346392554728080	-0.067832004600377	-2.518722421001850	1.584207875627310	0.537924911973686	1.015237146401750	1.765873743410750	14.365610175980400	2.105340919783230	-1.952283832549460	1.817285884568780	2.956443768077800	4.042046932880790	1.993349071579860	0.308196012604123	1.035939849132510	4.070476549707220	2.622730196223970	-1.197370955000000	NaN	41.794823481558600	0	0	0
1.184306669487610	3.92207131532813	1.898402196259410	1.654127513224780	1.280593414028110	0.859850000000000	1.059258749364740	2.014101509997170	2.681094725507020	2.577194860356610	-0.105435939738775	0.729067512353099	-1.497941849735220	0.428266179200065	-0.724116125655971	0.485547771783779	1.996639011111330	2.061928720273580	-0.122328404301975	3.321449691025610	1.653684877710800	8.854419678424550	1.967904340778760	2.710803333147240	4.671041897060180	6.568713259908470	7.063294880606020	-0.953709686000000	NaN	41.487156843427000	0	0	0
1.184444773264910	3.92207131532813	2.631724215094920	0.893011690703638	1.301917838228960	0.575450000000000	0.959018408922319	1.705609164539370	1.374601830394260	3.725474139120520	-0.050773215932683	1.149566176532150	3.730661581425940	0.106780576082954	2.156805387732150	1.098650169892320	5.344363400719130	2.020270731751910	13.012707594273600	5.293924567843260	1.256092916225260	4.390768136047820	1.945588014131290	1.242595693986150	3.895868633314590	1.861975932295930	2.303542355297950	-1.064648054000000	NaN	41.887460448035700	0	0	0
0.933787635327299	4.08220025202552	2.210457188077310	1.033043334883920	1.269249549932300	0.868830000000000	0.751678939558609	1.926395878563620	1.660563591192950	-0.378091955494142	-0.757150625269701	4.198870790390300	-2.164193370745570	-0.106780576082954	2.528224547428430	-2.166911008203880	-2.072330047519880	2.631730831737360	-4.962633433109080	-4.260044711248060	0.936352513258765	2.809971572480750	1.925606460708940	1.633095949993150	4.121838552503520	2.182738318267450	0.609915326964305	-1.164822487000000	NaN	41.480223731522200	0	0	0
0.463148446696771	4.16216746908195	1.939239670834560	0.643485958051215	1.291087809858130	0.609240000000000	1.020684528746510	-0.531497842589346	1.574279526690430	4.233260816863190	0.767388736468072	-2.160406282129850	-0.679898185021381	-0.106894718890516	-0.416956823672532	0.455839790545554	3.903510542726350	2.437580599814470	-4.451162436991220	0.406515241268224	3.634578893275940	-4.652022338154800	1.907306939184390	2.164180880663750	-1.093165795355370	0.282641378007753	-6.825047712043730	-1.303440695000000	NaN	41.080160408778500	0	0	0
0.625469272001844	4.16216746908195	1.313746889023810	1.648318388866340	1.289771571716070	0.229690000000000	0.563536856748392	0.040463678421432	0.617884863020635	1.458395351711060	-0.437870949940487	0.962737017983317	0.293857031150564	0.213675294973470	-0.839165763624816	3.832356299025900	-6.222474573890050	1.883294833309220	2.730432215212100	1.176687030651640	1.315257478505890	-4.879785895035300	1.891208413821490	2.048068019901670	-0.023130931839566	-0.409533060445266	-5.614317332853870	-1.007847817000000	NaN	42.331937134730600	0	0	0
