data	=	[																														
-0.142611740	2.955880224	2.498569026	0.447020665	1.895330000	0.525208564	1.351137429	0.451915741	2.818969735	-3.284741651	-0.039932573	1.291815810	-2.224518263	0.552182518	-3.044375141	3.515044251	5.175380446	2.060290761	-2.541552172	3.460028927	3.589400581	1.705030561	2.269557314	4.169582058	0.378994403	-2.526130112	-0.260157333	-4.835444395	-1.068920282	41.700000000	0	0	0
1.078989860	2.955880224	2.108487460	0.371554009	1.873170000	0.398227209	0.971304286	0.000848077	3.399097634	-0.605021085	-0.213650814	-0.159118588	3.802346479	0.439561147	4.680099344	11.364466390	1.113812724	1.173369696	-14.487590250	-1.300423820	1.721120037	4.353003969	2.211118772	0.581820552	4.126773349	12.813609710	2.093760562	-5.115444881	2.838453551	46.900000000	0	0	0
1.118482863	2.997133850	3.251688881	0.555734568	1.888400000	0.398015703	1.017886729	-0.449072225	5.968357385	-6.808127070	-1.043152070	0.353239365	-0.733029453	0.655740055	2.332467257	0.496311422	4.901222951	3.016891236	6.445984395	9.618623384	1.540797476	3.132677308	2.156882924	0.452068236	4.254557407	1.058984349	0.508904062	-3.310408340	1.500115142	46.700000000	0	0	0
1.655353278	3.198304585	1.469292614	0.380653404	1.915640000	0.577225435	1.249095282	-1.129716738	4.168633983	2.282887464	3.133254304	0.159832086	-0.305411620	0.434783294	1.003592653	4.025673214	3.557570097	2.967837494	10.642236210	3.797520056	0.318430949	0.003870100	2.105770640	3.403592653	-0.304808175	-4.586505379	-0.340533585	-4.972900854	1.608757260	47.800000000	0	0	0
0.360554195	3.299947826	3.241378899	0.265061692	1.972180000	0.409421999	2.112418817	-2.543843490	1.826033131	2.946345283	-2.177615370	-0.386676023	-1.731781467	1.293121467	-2.747822919	2.712440882	-4.537040840	2.275611145	5.308875705	6.556956441	4.650891108	4.749620221	2.057457478	3.072023016	2.663260979	-1.076730966	2.737096271	-5.376178331	-0.142790956	46.900000000	0	0	0
0.443049556	3.440142672	2.522463167	0.877444824	1.978470000	1.134346393	1.280553848	-2.216418762	1.646370288	9.127266260	0.446920555	-0.069444528	-0.259880973	-0.968270072	1.166193975	0.432438441	-4.194679589	1.984640384	-14.118862860	-0.389840773	2.248607620	2.578091848	2.011966214	1.910599245	3.574793611	9.859788178	0.430935500	-4.999311045	1.138436011	48.900000000	0	0	0
0.430729933	3.681397312	1.400372232	1.266052673	1.928650000	0.728566791	1.392948515	-1.757749454	0.890897591	-1.002926673	-0.674585348	0.059790815	-0.413298155	0.000000000	0.865806274	3.495485765	-1.089027948	0.647435522	16.904578470	3.655188058	0.739239877	-3.205882002	1.969660752	3.152738537	-0.277262936	-3.730686279	-3.460303395	-4.009976484	0.845540050	49.200000000	0	0	0
0.393888264	3.681397312	1.766526569	0.382877602	1.902600000	1.005849392	1.185781150	-0.209273786	0.095188952	0.854254557	-0.171833572	0.981002606	0.015497121	1.182173897	-0.865806274	2.202358816	4.753905374	1.446574066	-1.489383396	0.938738914	0.669771118	-0.316562214	1.930699454	2.735581512	0.081337694	2.587629684	-1.416631878	-5.437942785	-0.628240577	48.200000000	0	0	0
1.393472839	3.681397312	1.703534851	0.881335751	1.814770000	0.880298078	1.012009427	2.471748591	3.353963460	5.257591002	0.354444369	-1.391161095	2.724635876	0.426439879	0.578036292	2.177515174	12.840874500	1.930056341	-1.952799044	1.817291685	2.956003737	4.042046933	1.894394107	1.010817545	1.035934049	4.070991761	2.622730196	-5.861188256	-0.989531231	48.200000000	0	0	0
1.855692507	3.845118637	1.898402196	0.758975637	1.768760000	0.848938497	1.059318672	2.014073264	2.681219586	3.987475997	-0.045610017	2.358136184	-4.205446987	0.530505223	-0.288600489	-0.619583022	3.656971679	1.795583667	-0.122352252	3.321136769	1.653791776	8.854419678	1.859988006	2.115048433	4.671354819	6.568737107	7.063294881	-4.777979118	-1.344820902	48.100000000	0	0	0
1.128414349	3.922071315	2.631724215	0.576645661	1.756560000	0.685115436	0.958966073	1.705570409	1.374549734	3.882012914	-0.095552653	-1.275468442	7.829296175	0.105764156	2.285813808	-0.116247698	6.264942301	2.334076896	13.012552140	5.294113853	1.255938828	4.390768136	1.826695436	1.042531119	3.895679348	1.862131390	2.303542355	-4.138967679	-1.300462204	48.300000000	0	0	0
0.943953713	4.042191450	2.210457188	0.779943986	1.719760000	0.576406205	0.751704762	1.926232460	1.660503146	-0.714250960	-1.395738928	0.106968916	-2.971649968	-0.105764156	2.510592113	0.080464783	-3.034430697	2.767304684	-4.961145233	-4.259530924	0.936916359	2.809971572	1.793799233	1.588036867	4.121324765	2.181250118	0.609915327	-5.478270183	-1.862671378	47.800000000	0	0	0
0.286873400	4.162167469	1.939239671	0.582823179	1.707160000	0.443445156	1.020671256	-0.531321756	1.574140479	3.481572737	1.042330476	-0.272782285	-0.691074931	-0.211864486	-0.691087754	1.111927571	-0.478575345	2.262981616	-4.452506693	0.406041730	3.634162601	-4.652022338	1.760983510	2.562779259	-1.092692284	0.283985634	-6.825047712	-5.271942642	-2.337528289	47.300000000	0	0	0
0.609833591	4.162167469	1.313746889	1.001214238	1.703010000	0.607901788	0.563561176	0.040423939	0.617969250	1.323206927	-0.867104489	1.911464738	-1.140656085	0.105988351	-0.695897032	0.450619009	0.325231446	1.799622689	2.730671505	1.176619204	1.316112869	-4.879785895	1.728261967	1.834337700	-0.023063105	-0.409772350	-5.614317333	-4.812928860	-0.730976430	48.800000000	0	0	0
0.208690547	4.162167469	0.802088990	0.652251817	1.702650000	0.728304385	0.818922258	-0.234800755	0.174987125	0.388909021	2.086396106	-0.806656131	2.806247688	0.211640291	0.557104505	0.963654723	6.205814319	1.273300974	9.479583068	6.854368369	0.813837080	1.540960205	1.696243037	1.962259527	1.482226741	0.904948302	1.460268597	-4.103436273	-1.348822919	48.000000000	0	0	0
0.150866280	4.001366791	0.878444815	0.676377766	1.712460000	0.582930155	0.192093538	-0.189038672	0.036289385	1.753904951	-0.753287107	-0.254179779	-0.469639247	-0.317628642	1.104983619	-0.636240834	-5.431823925	1.074468674	0.270998154	0.861495682	0.470235019	2.621674225	1.665425068	1.949172286	2.015013016	1.023424248	1.947415110	-3.269466824	-1.696738500	47.400000000	0	0	0
0.126311991	3.681397312	0.636224250	-0.108357445	1.691960000	0.487389516	0.901141065	-1.294275322	0.157782298	7.333902825	-0.311759341	0.037213288	1.179543493	-1.927254512	6.127082539	2.149301200	-15.877000040	1.425256496	0.962696433	-2.886188897	2.255804044	2.232300236	1.636034027	1.367960361	1.348772993	2.313742173	1.263099622	-2.609481586	-1.980257544	46.800000000	0	0	0
0.141297705	3.984366812	0.726896673	0.408503186	1.678940000	0.500659525	0.156604163	-0.213916845	-2.259589594	4.572829242	0.773492782	0.591248223	-1.091940031	0.000000000	0.258064659	-0.628984655	26.197550330	1.251777485	-3.072282861	-0.035258671	2.772338190	2.960561793	1.607992957	3.139574865	0.145945920	1.420714078	1.759806977	-4.471259696	-0.804778047	47.600000000	0	0	0
-0.219391437	5.227674564	1.736570018	0.650766782	1.666590000	0.407953622	0.058351570	-0.743270477	-0.666044278	8.668335823	-1.587919377	-0.380168686	0.087059101	-0.216450301	0.128783018	-0.203092783	-15.680260860	3.699565421	-0.597405895	1.692508080	1.868528883	19.138852320	1.580810715	0.791266230	14.656771150	9.878179568	16.839381290	-3.153534569	-0.175561629	47.800000000	0	0	0
0.096584992	4.954078714	1.345923242	0.709810107	1.619650000	0.474910445	-0.050767780	-0.687298009	-1.424918221	6.711076300	1.418046335	0.042643599	4.968860015	-0.325556446	3.042059670	0.858256519	-0.525010189	2.432960877	-2.643398681	-0.924219324	1.810723663	-4.625704741	1.554143675	1.880440273	-3.243061004	-1.922711527	-6.445052572	-3.143398691	-0.097733540	47.400000000	0	0	0
0.915366525	4.385677691	1.007807769	0.688352450	1.556900000	0.179590161	0.167464705	0.288342613	-2.013201807	-16.965049700	-0.470273635	0.551142966	-2.760748415	0.217155351	-1.003772543	-0.392221246	-7.328332313	0.593603062	7.474978508	-9.795397533	0.268517330	5.448986550	1.528785896	1.509118769	0.889747384	2.228452573	5.449638449	-0.386346973	-0.176282653	46.800000000	0	0	0
