data = [																														
-0.04714348677837	4.07046092199970	1.35117667186666	2.38787944503573	2.46693093627319	0.45192930178359	2.81862817085123	-4.20244678114088	3.35675598030578	0.583772819568562	-3.599360264790530	-0.06044835765415	2.68314440679962	0.57304794545794	3.45980347888979	0.37921985039295	-2.54086500318813	-2.52681728039206	2.95588022415444	0.26507873848090	1.78987140160691	0.91439853392324	-3.19165174506849	-0.07416004990771	3.25476355109835	7.70416147270829	35.15311321280690	0.96568335721630	0.50240	0.87119406020215	0.83624568546177
0.97094952631487	0.69391217079566	0.97132545902579	2.32030125865528	2.39228328047092	0.00098970019007	3.39945182048602	-1.12671313285659	1.43000683774801	0.696058494762397	0.348432408261079	0.15346205017082	1.31987999973551	3.57612614379867	-1.30042928906366	4.12677881773029	-14.48777195277100	12.81379140704160	2.95588022415444	-7.13413803813108	-5.06035370875821	0.50406274928207	5.28808723726965	-0.15728931429842	11.51181080067210	-3.46660201057691	39.71365283444300	1.34608396138942	0.56805	1.05689513492343	1.08080324139910
1.11825391049223	0.64324906718820	1.01790310356851	2.25751027907033	2.32259200193734	-0.44914115902213	5.96827047599398	-7.90720357537378	1.52294741048462	0.691246992062311	3.754707259525160	1.42140525849310	2.90257950470258	3.33242588093507	9.61856853558185	4.25461225603381	6.44616741976769	1.05880132398797	3.03675285323217	-3.44932533586881	-0.28636980208017	0.02361421054212	-2.40386564528152	-0.82189659727790	0.91151340877680	4.30173066625326	40.13069587451120	0.58288068608494	0.92634	1.18050454497626	1.18873001692090
1.84122796020247	3.13656690990651	1.24913840702945	2.19967547368660	2.25836597721951	-1.12974765779459	4.16896520796755	3.09122852826409	0.09434644072615	0.343839880303243	2.154184377475500	0.56619065545576	2.52916767100468	1.84633298323429	3.79634281793191	-0.30363093734236	10.64433784016660	-4.58860701132138	3.19830458530507	0.89276586431204	1.27853945628615	0.03760066004966	0.17108824599952	2.70116512058570	4.29450243209022	7.07224367978778	40.82258231775550	1.13905818667881	0.58205	1.36563264474856	1.49572987473630
0.24963644311438	3.40487358074317	2.11239704799322	2.14700191923081	2.19984661234073	-2.54388812629553	1.82607995800730	3.90781774427538	4.67363592766867	1.926405181527450	-4.013916759034420	1.69104313773136	2.68514009113239	1.29292998830870	6.55839124171411	2.66182617773163	5.30678460646445	-1.07463986730028	3.35959574865333	-2.18860684469213	-0.65183253017578	1.14730268285193	-1.14771943527416	-1.90038691935636	2.37403830243643	-7.87914608092439	41.10839472860520	0.35415441287334	0.73448	1.48886124937506	1.49203983775574
0.28706925954509	2.30962072529075	1.28053672682533	2.09994383705081	2.14735926060214	-2.21662634498170	1.64649427009138	10.19580694703720	1.82174560562669	0.559598550412055	0.000000000000000	1.12860140310733	2.01037476697614	3.99851825578859	-0.39037552459025	3.57532836292820	-14.11891468450150	9.85984000211846	3.52062476895671	-5.83635857316835	-3.72568776130562	-3.67806384268030	-1.54627211876935	0.37643243311851	0.41927219892823	-14.14486854343890	41.23292436083090	0.29787874125402	0.81750	1.48886124937506	1.41942595068463
0.66127224507628	3.04845342804607	1.39294691537835	2.05858827818637	2.10109072446541	-1.75754589182482	0.89081048846040	-2.76981084253656	0.90971285582420	0.000000000000000	0.510639407457347	2.29478944029946	0.18611468625900	1.50609441435909	3.65541942549275	-0.27749430370783	16.90465650974940	-3.73076431649020	3.68139731227164	3.16215681967336	3.90600522203046	3.05373430892700	0.88455766530756	-0.63507909303359	3.07074753051531	7.97959276634472	41.30147435293400	0.84712546453343	0.50405	1.42726592867186	1.35345000008866
0.33579962455281	3.01885855679167	1.18579383641695	2.02327207747621	2.06143563798543	-0.20927117268403	0.09531526242270	-0.83344890401342	0.65774016458131	0.445435034938058	0.338983375451196	1.52031643534549	1.41562433224376	2.17750160021830	0.93871505556766	0.08136155309990	-1.48994155944866	2.58818784758135	3.68139731227164	0.70610478766024	1.81004568614407	-0.42103551015053	-1.00557070856910	-0.14532505864047	2.19958204762207	1.54071270056360	41.48164795025800	0.67678840958934	0.54514	1.36563264474856	1.32726000459722
1.83556210389142	0.30819601260412	1.01197568778009	1.99334907157986	2.02797863521343	2.47189467278783	3.35336846534400	3.34639255472808	1.04600186551758	0.332779009267448	1.344558070935080	1.44939970162756	2.64706522901363	-0.32153718762591	1.81728588456878	1.03593984913251	-1.95228383254946	4.07047654970722	3.68139731227164	-1.11866886408487	-0.19352596695450	0.47152606312848	3.61862173622306	0.32933119739497	2.37848326175722	10.29077205627100	41.97935296631180	0.74625693820369	0.88918	1.30396135078035	1.24526580974891
1.18430666948761	2.71080333314724	1.05925874936474	1.96790434077876	2.00000993259890	2.01410150999717	2.68109472550702	2.57719486035661	0.93510901758047	0.110680697519161	-0.502093105009926	0.19297211502849	1.78654664210800	3.38206925260178	3.32144969102561	4.67104189706018	-0.12232840430198	6.56871325990847	3.92207131532813	-11.91538057304560	-10.05210459291150	-0.39394374845288	-5.08367493396932	-0.04178969358786	-0.64111229368820	11.72207132870660	41.20347983054300	1.65418668089083	0.85985	1.30396135078035	1.27571308659100
1.18444477326491	1.24259569398615	0.95901840892232	1.94558801413129	1.97615098110395	1.70560916453937	1.37460183039426	3.72547413912052	1.02777203290754	0.110558330774957	1.167652966183570	0.57661958736528	1.56156101200682	2.75931309315536	5.29392456784326	3.89586863331459	13.01270759427360	1.86197593229593	3.92207131532813	-4.39072456406659	-1.90780966529189	-0.02943144452439	7.88912127489255	-0.09626178504217	-0.21958212553894	4.10700948415581	41.05624660116210	0.89303597195976	0.57545	1.30396135078035	1.30411063082478
0.93378763532730	1.63309594999315	0.75167893955861	1.92560646070894	1.95544241525086	1.92639587856362	1.66056359119295	-0.37809195549414	1.14689166399797	0.110436234305311	2.132976680633460	-1.75221662255485	2.74363101839676	2.70045065434119	-4.26004471124806	4.12183855250352	-4.96263343310908	2.18273831826745	4.08220025202552	-3.03762687928675	-0.85460164942139	0.18349996330743	-3.18820157485596	-1.19509362678768	-0.03272150005760	-7.06577161184434	41.53411585016950	1.03301548768506	0.86883	1.30396135078035	1.27815069561248
0.46314844669677	2.16418088066375	1.02068452874651	1.90730693918439	1.93712018183036	-0.53149784258935	1.57427952669043	4.23326081686319	3.69593582095038	-0.331675262599429	-1.307208156735310	2.31573691081213	3.28617077243050	-0.21328004700925	0.40651524126822	-1.09316579535537	-4.45116243699122	0.28264137800775	4.16216746908195	7.71580198014581	9.45669455787996	-0.33764172597673	0.16310695295036	0.88164453976347	1.12187366338645	-1.51070133439468	41.40841038958730	0.64336747237102	0.60924	1.36563264474856	1.30681159503674
0.62546927200184	2.04806801990167	0.56353685674839	1.89120841382149	1.92154608951002	0.04046367842143	0.61788486302064	1.45839535171106	1.26979604854189	0.331675262599429	0.000000000000000	0.14825637514715	1.48506402020137	2.81678992038259	1.17668703065164	-0.02313093183957	2.73043221521210	-0.40953306044527	4.16216746908195	2.31138829273982	3.14599521785128	1.18237452579792	-1.94335751614099	-0.71700717864607	0.56111029506951	6.61085296131656	41.29692640457880	1.65150672401033	0.22969	1.36563264474856	1.31847263530898
0.09935413062099	2.09956896014045	0.81891373504899	1.87730008978519	1.90862270985277	-0.23483767195920	0.17512225338248	-0.18319612443136	1.10578202092206	0.330578813449911	0.492207720542837	1.62494613329116	0.60707510130071	0.97576833038540	6.85423811965311	1.48235698977435	9.47983746487804	0.90469390493149	4.16216746908195	-1.38572998149176	-0.99029651417579	0.10885331229322	3.27506845917467	1.74878475673129	0.88371268704925	3.05999398172734	41.18388459011360	1.24083700819488	0.50000	1.36563264474856	1.32972572363921
